0.9467
0.9449
0.9536
0.9566
0.9477
0.9450
0.9430
0.9391
0.9510
0.9533
0.9511
0.9416
0.9416
0.9411
0.9326
0.9414
0.9464
0.9348
0.9362
0.9419
0.9351
0.9219
0.9154
0.9231
0.9240
0.9184
0.9195
0.9267
0.9367
0.9402
0.9396
0.9390
0.9376
0.9321
0.9296
0.9294
0.9176
0.9224
0.9290
0.9326
0.9194
0.9195
0.9188
0.9052
0.9162
0.9214
0.9183
0.9083
0.9089
0.9061
0.9042
0.9156
0.9097
0.9150
0.9166
0.9229
0.9300
0.9310
0.9337
0.9295
0.9273
0.9332
0.9280
0.9312
0.9346
0.9335
0.9293
0.9133
0.9161
0.9109
0.8964
0.8984
0.8982
0.8999
0.9075
0.8985
0.8963
0.8874
0.8917
0.8934
0.8950
0.8934
0.8891
0.8862
0.8810
0.8758
0.8791
0.8851
0.8969
0.9011
0.9004
0.8963
0.9040
0.9020
0.8967
0.8887
0.8875
0.8841
0.8923
0.8891
0.8868
0.8829
0.8772
0.8870
0.8970
0.9017
0.9003
0.8971
0.8940
0.8965
0.8968
0.9034
0.8922
0.8871
0.8870
0.8930
0.8932
0.8928
0.8899
0.8923
0.8912
0.8862
0.8834
0.8841
0.8849
0.8803
0.8746
0.8736
0.8772
0.8755
0.8830
0.8815
0.8788
0.8808
0.8767
0.8671
0.8618
0.8535
0.8585
0.8560
0.8589
0.8584
0.8553
0.8574
0.8525
0.8458
0.8450
0.8534
0.8441
0.8537
0.8467
0.8471
0.8472
0.8513
0.8442
0.8465
0.8518
0.8522
0.8520
0.8620
0.8624
0.8608
0.8572
0.8526
0.8542
0.8555
0.8537
0.8567
0.8615
0.8612
0.8624
0.8598
0.8501
0.8455
0.8479
0.8462
0.8494
0.8470
0.8456
0.8363
0.8407
0.8478
0.8500
0.8536
0.8604
0.8573
0.8536
0.8526
0.8571
0.8516
0.8590
0.8701
0.8747
0.8731
0.8704
0.8672
0.8708
0.8741
0.8803
0.8774
0.8765
0.8737
0.8737
0.8742
0.8823
0.8824
0.8828
0.8841
0.8795
0.8758
0.8771
0.8812
0.8889
0.8939
0.8952
0.8971
0.9028
0.9115
0.9162
0.9118
0.9167
0.9154
0.9137
0.9174
0.9168
0.9103
0.9154
0.9111
0.9112
0.9094
0.9132
0.9074
0.9176
0.9152
0.9089
0.8993
0.8876
0.8890
0.8873
0.8945
0.9070
0.8994
0.8969
0.9112
0.9063
0.9104
0.9127
0.9271
0.9242
0.9227
0.9254
0.9268
0.9248
0.9188
0.9111
0.9159
0.9226
0.9213
0.9180
0.9173
0.9101
0.9158
0.9148
0.9214
0.9129
0.9115
0.9186
0.9189
0.9191
0.9201
0.9132
0.9104
0.9002
0.9022
0.9133
0.9092
0.9067
0.9042
0.9022
0.9045
0.9008
0.8981
0.8921
0.8895
0.8927
0.8930
0.8921
0.8913
0.8982
0.9048
0.9042
0.9003
0.9014
0.9032
0.9019
0.8964
0.8979
0.8953
0.8984
0.8963
0.8908
0.8932
0.8947
0.8844
0.8819
0.8823
0.8815
0.8839
0.8812
0.8798
0.8824
0.8787
0.8769
0.8786
0.8819
0.8784
0.8837
0.8899
0.8917
0.8924
0.8913
0.8925
0.8872
0.8935
0.8891
0.8908
0.8927
0.8980
0.8925
0.9039
0.9035
0.9023
0.9005
0.8982
0.8871
0.8771
0.8832
0.8903
0.9039
0.8989
0.8965
0.8925
0.8929
0.8909
0.8913
0.8942
0.8935
0.8828
0.8838
0.8802
0.8856
0.8827
0.8874
0.8776
0.8761
0.8641
0.8612
0.8645
0.8615
0.8582
0.8609
0.8710
0.8659
0.8656
0.8708
0.8712
0.8791
0.8762
0.8716
0.8725
0.8729
0.8674
0.8753
0.8697
0.8695
0.8738
0.8682
0.8647
0.8655
0.8679
0.8642
0.8683
0.8710
0.8787
0.8784
0.8741
0.8728
0.8743
0.8804
0.8828
0.8805
0.8818
0.8794
0.8837
0.8809
0.8771
0.8756
0.8758
0.8729
0.8722
0.8736
0.8779
0.8797
0.8844
0.8784
0.8743
0.8798
0.8805
0.8828
0.8803
0.8796
0.8873
0.8894
0.8887
0.8890
0.8875
0.8929
0.8970
0.9036
0.9013
0.9070
0.9030
0.9157
0.9170
0.9112
0.9052
0.9137
0.9132
0.9055
0.9059
0.9115
0.9178
0.9208
0.9190
0.9268
0.9227
0.9218
0.9205
0.9282
0.9353
0.9368
0.9314
0.9398
0.9403
0.9391
0.9464
0.9433
0.9442
0.9474
0.9432
0.9427
0.9453
0.9442
0.9511
0.9555
0.9630
0.9711
0.9705
0.9717
0.9888
0.9827
0.9947
0.9897
0.9811
0.9792
0.9763
0.9739
0.9859
0.9881
0.9898
0.9882
0.9877
0.9931
1.0040
1.0100
1.0093
1.0052
1.0139
1.0089
0.9892
0.9905
0.9995
1.0034
0.9876
0.9783
0.9871
0.9775
0.9749
0.9878
0.9857
0.9744
0.9671
0.9760
0.9656
0.9702
0.9774
0.9842
0.9783
0.9839
0.9820
0.9760
0.9773
0.9801
0.9773
0.9693
0.9700
0.9743
0.9812
0.9822
0.9844
0.9798
0.9872
0.9956
0.9952
0.9936
0.9820
0.9810
0.9750
0.9768
0.9817
0.9691
0.9624
0.9720
0.9796
0.9845
0.9834
0.9775
0.9822
0.9788
0.9778
0.9845
0.9884
0.9818
0.9884
0.9870
0.9819
0.9793
0.9894
0.9847
0.9868
0.9839
0.9815
0.9762
0.9730
0.9736
0.9770
0.9761
0.9781
0.9746
0.9818
0.9831
0.9895
0.9970
1.0022
0.9959
1.0011
1.0102
1.0117
1.0090
1.0063
1.0053
1.0081
1.0070
1.0037
1.0003
1.0028
0.9944
0.9905
0.9904
0.9934
0.9874
0.9972
1.0011
1.0020
1.0100
1.0108
1.0067
1.0133
1.0217
1.0205
1.0304
1.0268
1.0238
1.0260
1.0260
1.0343
1.0377
1.0448
1.0335
1.0422
1.0465
1.0406
1.0489
1.0485
1.0541
1.0541
1.0558
1.0555
1.0651
1.0656
1.0713
1.0725
1.0761
1.0895
1.0818
1.0859
1.0781
1.0768
1.0775
1.0916
1.0800
1.0779
1.0756
1.0734
1.0751
1.0826
1.0711
1.0711
1.0759
1.0821
1.0736
1.0790
1.0762
1.0761
1.0769
1.0909
1.0982
1.0954
1.1052
1.1056
1.1032
1.0987
1.0794
1.0811
1.0620
1.0627
1.0573
1.0613
1.0539
1.0652
1.0692
1.0692
1.0714
1.0753
1.0898
1.0888
1.0763
1.0739
1.0698
1.0622
1.0671
1.0679
1.0802
1.0764
1.0764
1.0816
1.0901
1.0885
1.0886
1.0939
1.0961
1.1012
1.1006
1.1031
1.0982
1.1118
1.1194
1.1232
1.1215
1.1352
1.1388
1.1333
1.1519
1.1558
1.1539
1.1501
1.1436
1.1399
1.1703
1.1632
1.1704
1.1686
1.1691
1.1788
1.1856
1.1830
1.1768
1.1813
1.1823
1.1690
1.1722
1.1693
1.1674
1.1844
1.1735
1.1729
1.1715
1.1753
1.1770
1.1868
1.1834
1.1752
1.1621
1.1725
1.1566
1.1544
1.1511
1.1523
1.1428
1.1423
1.1524
1.1546
1.1516
1.1469
1.1384
1.1276
1.1317
1.1348
1.1308
1.1264
1.1260
1.1121
1.1215
1.1191
1.1242
1.1321
1.1346
1.1408
1.1471
1.1485
1.1479
1.1481
1.1428
1.1340
1.1210
1.1268
1.1358
1.1405
1.1339
1.1378
1.1301
1.1355
1.1296
1.1308
1.1241
1.1252
1.1146
1.1112
1.1132
1.0996
1.0910
1.0887
1.0822
1.0854
1.0855
1.0883
1.0987
1.0844
1.0801
1.0841
1.0926
1.1081
1.1087
1.1225
1.1199
1.1192
1.1174
1.1265
1.1250
1.1167
1.1274
1.1252
1.1444
1.1473
1.1470
1.1466
1.1468
1.1489
1.1408
1.1626
1.1679
1.1725
1.1695
1.1584
1.1704
1.1759
1.1788
1.1821
1.1725
1.1714
1.1624
1.1708
1.1614
1.1587
1.1626
1.1664
1.1675
1.1704
1.1803
1.1786
1.1734
1.1707
1.1678
1.1664
1.1626
1.1572
1.1459
1.1495
1.1427
1.1395
1.1398
1.1472
1.1501
1.1587
1.1687
1.1792
1.1815
1.1746
1.1937
1.1917
1.1906
1.1871
1.1811
1.1780
1.1819
1.1930
1.1926
1.1991
1.1975
1.2102
1.2095
1.2077
1.2114
1.2230
1.2263
1.2189
1.2193
1.2213
1.2171
1.2300
1.2330
1.2371
1.2379
1.2405
1.2433
1.2407
1.2408
1.2429
1.2495
1.2535
1.2600
1.2672
1.2687
1.2730
1.2689
1.2592
1.2757
1.2842
1.2876
1.2761
1.2771
1.2656
1.2660
1.2592
1.2395
1.2357
1.2377
1.2577
1.2623
1.2666
1.2723
1.2639
1.2559
1.2461
1.2630
1.2548
1.2461
1.2413
1.2386
1.2450
1.2453
1.2540
1.2532
1.2528
1.2552
1.2697
1.2745
1.2715
1.2702
1.2670
1.2826
1.2803
1.2864
1.2762
1.2764
1.2844
1.2864
1.2716
1.2713
1.2658
1.2545
1.2531
1.2691
1.2654
1.2503
1.2428
1.2420
1.2512
1.2444
1.2205
1.2141
1.2160
1.2189
1.2193
1.2350
1.2416
1.2437
1.2286
1.2191
1.2318
1.2224
1.2251
1.2260
1.2266
1.2253
1.2256
1.2390
1.2342
1.2269
1.2344
1.2316
1.2289
1.2124
1.2155
1.2181
1.2096
1.2151
1.2167
1.2246
1.2298
1.2360
1.2316
1.2097
1.2009
1.2063
1.2063
1.2164
1.2070
1.2100
1.2070
1.2074
1.1932
1.1916
1.1939
1.1935
1.1983
1.2028
1.2015
1.1887
1.1839
1.1828
1.1875
1.1887
1.1777
1.1866
1.1884
1.1914
1.1842
1.1951
1.1924
1.1970
1.1930
1.2059
1.2111
1.2163
1.2069
1.2049
1.1861
1.1858
1.1793
1.1863
1.1898
1.1840
1.1822
1.1921
1.2005
1.1976
1.1964
1.2008
1.1933
1.1999
1.1984
1.2008
1.2061
1.2099
1.2102
1.2172
1.2272
1.2233
1.2190
1.2247
1.2244
1.2222
1.2218
1.2211
1.2317
1.2312
1.2325
1.2248
1.2059
1.2057
1.2046
1.1974
1.2080
1.2047
1.2147
1.2001
1.2039
1.2014
1.2137
1.2084
1.2094
1.2110
1.2094
1.2114
1.2155
1.2147
1.2211
1.2169
1.2085
1.2161
1.2155
1.2148
1.2316
1.2284
1.2309
1.2282
1.2378
1.2356
1.2398
1.2390
1.2412
1.2369
1.2328
1.2399
1.2364
1.2353
1.2444
1.2417
1.2431
1.2328
1.2298
1.2264
1.2252
1.2161
1.2150
1.2147
1.2046
1.2029
1.2056
1.2043
1.2097
1.2065
1.2032
1.2057
1.2016
1.2053
1.2057
1.2235
1.2265
1.2262
1.2291
1.2222
1.2232
1.2256
1.2203
1.2359
1.2356
1.2329
1.2323
1.2337
1.2365
1.2322
1.2298
1.2138
1.2115
1.2105
1.2067
1.2103
1.2091
1.1992
1.2050
1.2144
1.2164
1.2190
1.2159
1.2171
1.2062
1.2064
1.2067
1.2071
1.2182
1.2182
1.2227
1.2262
1.2256
1.2242
1.2235
1.2150
1.2139
1.2185
1.2154
1.2164
1.2252
1.2320
1.2259
1.2313
1.2272
1.2284
1.2294
1.2304
1.2324
1.2327
1.2400
1.2422
1.2385
1.2274
1.2284
1.2314
1.2276
1.2291
1.2306
1.2406
1.2383
1.2318
1.2311
1.2335
1.2361
1.2385
1.2478
1.2514
1.2466
1.2509
1.2585
1.2616
1.2617
1.2647
1.2783
1.2809
1.2753
1.2710
1.2721
1.2745
1.2788
1.2741
1.2720
1.2715
1.2784
1.2803
1.2871
1.2929
1.2912
1.2917
1.2898
1.2883
1.2888
1.2903
1.2961
1.2949
1.2934
1.2954
1.3020
1.3048
1.2944
1.3051
1.3034
1.2996
1.3077
1.3154
1.3181
1.3270
1.3262
1.3260
1.3252
1.3289
1.3299
1.3357
1.3266
1.3358
1.3436
1.3403
1.3421
1.3292
1.3303
1.3320
1.3188
1.3287
1.3311
1.3281
1.3359
1.3412
1.3233
1.3268
1.3323
1.3390
1.3372
1.3383
1.3386
1.3492
1.3536
1.3539
1.3617
1.3595
1.3622
1.3592
1.3632
1.3531
1.3481
1.3271
1.3241
1.3259
1.3183
1.3160
1.3100
1.3131
1.3130
1.3138
1.3250
1.3222
1.3089
1.3115
1.3031
1.3036
1.3082
1.3013
1.2960
1.2960
1.3055
1.3035
1.2959
1.3003
1.3064
1.3041
1.3027
1.3023
1.3046
1.3011
1.3074
1.3021
1.2957
1.2962
1.2827
1.2756
1.2747
1.2779
1.2809
1.2888
1.2864
1.2936
1.2959
1.2982
1.3025
1.3031
1.3034
1.3076
1.3054
1.3066
1.3211
1.3235
1.3216
1.3248
1.3198
1.3264
1.3253
1.3210
1.3155
1.3120
1.3135
1.3104
1.3239
1.3190
1.3255
1.3339
1.3414
1.3403
1.3422
1.3457
1.3376
1.3365
1.3306
1.3419
1.3391
1.3374
1.3311
1.3185
1.3163
1.3083
1.3024
1.3012
1.2934
1.2950
1.2923
1.2937
1.2917
1.2939
1.2924
1.2961
1.2898
1.2887
1.2822
1.2860
1.2871
1.2886
1.2852
1.2823
1.2969
1.2971
1.2881
1.2933
1.2879
1.2815
1.2870
1.2939
1.3010
1.3023
1.3033
1.3106
1.3051
1.3064
1.3022
1.2991
1.2959
1.2923
1.2926
1.2901
1.2965
1.2852
1.2861
1.2894
1.2946
1.2948
1.2934
1.2945
1.2801
1.2841
1.2848
1.2865
1.2804
1.2703
1.2679
1.2603
1.2639
1.2636
1.2608
1.2683
1.2617
1.2639
1.2555
1.2563
1.2573
1.2586
1.2597
1.2524
1.2518
1.2525
1.2469
1.2385
1.2325
1.2233
1.2254
1.2283
1.2220
1.2280
1.2281
1.2280
1.2303
1.2227
1.2228
1.2113
1.2050
1.2115
1.2030
1.2095
1.2080
1.2098
1.2239
1.2208
1.2144
1.2179
1.2116
1.2113
1.2021
1.2085
1.2164
1.2163
1.2061
1.2053
1.2083
1.2097
1.1984
1.1914
1.1913
1.1913
1.1898
1.1921
1.1942
1.1931
1.2005
1.2061
1.2203
1.2171
1.2058
1.2087
1.2079
1.2069
1.2049
1.1990
1.2081
1.2187
1.2198
1.2168
1.2052
1.2064
1.2021
1.1995
1.2065
1.2133
1.2091
1.2177
1.2183
1.2221
1.2160
1.2326
1.2370
1.2383
1.2334
1.2358
1.2363
1.2354
1.2377
1.2443
1.2460
1.2420
1.2366
1.2322
1.2334
1.2262
1.2204
1.2167
1.2158
1.2222
1.2249
1.2200
1.2270
1.2287
1.2298
1.2289
1.2265
1.2228
1.2223
1.2335
1.2359
1.2481
1.2540
1.2544
1.2493
1.2454
1.2436
1.2428
1.2385
1.2407
1.2313
1.2299
1.2264
1.2315
1.2204
1.2230
1.2214
1.2141
1.2163
1.2114
1.2216
1.2211
1.2150
1.2066
1.2042
1.2028
1.2007
1.2020
1.2066
1.2031
1.2041
1.1940
1.1914
1.1919
1.1952
1.2051
1.2184
1.2144
1.2132
1.2043
1.2003
1.1980
1.1979
1.1989
1.1984
1.2093
1.2015
1.1931
1.1894
1.1971
1.1975
1.2027
1.1932
1.1985
1.2062
1.2127
1.2055
1.2141
1.2154
1.2056
1.1985
1.2009
1.2034
1.2072
1.1993
1.1935
1.1812
1.1802
1.1723
1.1765
1.1762
1.1746
1.1690
1.1726
1.1678
1.1675
1.1720
1.1684
1.1685
1.1721
1.1772
1.1720
1.1703
1.1798
1.1798
1.1796
1.1774
1.1724
1.1742
1.1830
1.1768
1.1781
1.1784
1.1723
1.1704
1.1763
1.1787
1.1777
1.1720
1.1775
1.1799
1.1818
1.1880
1.1957
1.1942
1.2028
1.1987
1.1962
1.1999
1.2007
1.1979
1.1863
1.1868
1.1831
1.1873
1.1841
1.1856
1.1837
1.1843
1.1913
1.1849
1.1845
1.1789
1.1855
1.1837
1.1974
1.2062
1.2106
1.2106
1.2097
1.2127
1.2072
1.2070
1.2048
1.2150
1.2033
1.2049
1.2142
1.2119
1.2054
1.2100
1.2090
1.2102
1.2082
1.2233
1.2307
1.2268
1.2277
1.2239
1.2245
1.2204
1.2090
1.2084
1.2125
1.2157
1.2055
1.2055
1.2081
1.2030
1.1948
1.1990
1.1972
1.1944
1.1970
1.1999
1.1891
1.1901
1.1909
1.1922
1.1875
1.1861
1.1882
1.1924
1.1943
1.1909
1.1909
1.1913
1.1939
1.1920
1.1881
1.1844
1.1850
1.1928
1.1922
1.1936
1.2014
1.2027
1.2019
1.1961
1.1885
1.1914
1.1934
1.1898
1.1884
1.1928
1.1973
1.2013
1.2021
1.2049
1.2169
1.2170
1.2182
1.2137
1.2093
1.2075
1.2060
1.1966
1.1975
1.2039
1.2011
1.2075
1.2010
1.2055
1.2162
1.2096
1.2045
1.2136
1.2251
1.2267
1.2285
1.2217
1.2181
1.2114
1.2110
1.2125
1.2151
1.2100
1.2095
1.2100
1.2181
1.2252
1.2283
1.2336
1.2369
1.2320
1.2316
1.2347
1.2411
1.2402
1.2416
1.2444
1.2478
1.2524
1.2612
1.2612
1.2644
1.2642
1.2624
1.2623
1.2699
1.2742
1.2708
1.2693
1.2760
1.2822
1.2713
1.2850
1.2957
1.2828
1.2819
1.2839
1.2731
1.2783
1.2836
1.2770
1.2789
1.2848
1.2772
1.2739
1.2793
1.2780
1.2732
1.2760
1.2811
1.2871
1.2839
1.2758
1.2814
1.2926
1.2954
1.2888
1.2830
1.2775
1.2787
1.2649
1.2620
1.2601
1.2579
1.2538
1.2569
1.2601
1.2631
1.2619
1.2585
1.2562
1.2600
1.2620
1.2665
1.2575
1.2497
1.2562
1.2605
1.2586
1.2562
1.2539
1.2638
1.2710
1.2777
1.2794
1.2790
1.2753
1.2722
1.2764
1.2775
1.2795
1.2735
1.2735
1.2772
1.2706
1.2671
1.2666
1.2625
1.2521
1.2537
1.2492
1.2591
1.2634
1.2663
1.2648
1.2622
1.2644
1.2576
1.2707
1.2757
1.2693
1.2759
1.2766
1.2741
1.2822
1.2799
1.2779
1.2795
1.2882
1.2861
1.2844
1.2775
1.2879
1.2854
1.2767
1.2729
1.2748
1.2723
1.2781
1.2854
1.2860
1.2823
1.2817
1.2903
1.2868
1.2805
1.2781
1.2763
1.2767
1.2755
1.2805
1.2825
1.2826
1.2833
1.2827
1.2804
1.2817
1.2861
1.2832
1.2817
1.2785
1.2822
1.2730
1.2662
1.2702
1.2712
1.2687
1.2683
1.2691
1.2719
1.2668
1.2679
1.2710
1.2659
1.2674
1.2718
1.2787
1.2810
1.2813
1.2745
1.2686
1.2682
1.2723
1.2697
1.2664
1.2675
1.2735
1.2730
1.2735
1.2714
1.2692
1.2678
1.2600
1.2598
1.2531
1.2540
1.2516
1.2537
1.2565
1.2492
1.2525
1.2524
1.2544
1.2526
1.2587
1.2621
1.2611
1.2543
1.2539
1.2568
1.2607
1.2660
1.2697
1.2724
1.2721
1.2693
1.2761
1.2765
1.2765
1.2774
1.2714
1.2711
1.2755
1.2779
1.2770
1.2775
1.2860
1.2844
1.2821
1.2815
1.2810
1.2807
1.2808
1.2785
1.2827
1.2837
1.2813
1.2843
1.2951
1.2941
1.2951
1.3091
1.3115
1.3142
1.3204
1.3149
1.3175
1.3237
1.3329
1.3309
1.3322
1.3327
1.3280
1.3304
1.3281
1.3342
1.3197
1.3243
1.3237
1.3268
1.3207
1.3145
1.3123
1.3095
1.3099
1.3196
1.3220
1.3185
1.3170
1.3195
1.3121
1.3101
1.3138
1.3123
1.3139
1.3192
1.3284
1.3283
1.3163
1.3101
1.3072
1.3002
1.3011
1.3029
1.2966
1.2934
1.2966
1.2896
1.2915
1.2934
1.2961
1.2920
1.2940
1.2946
1.2982
1.2965
1.2939
1.2942
1.3022
1.2965
1.2989
1.2934
1.2911
1.2915
1.2959
1.2969
1.2954
1.3022
1.3015
1.2973
1.2936
1.2923
1.2980
1.2984
1.3020
1.3038
1.2997
1.2980
1.2960
1.3023
1.3077
1.3131
1.3143
1.3109
1.3141
1.3156
1.3135
1.3142
1.3130
1.3125
1.3108
1.3176
1.3190
1.3240
1.3190
1.3226
1.3177
1.3159
1.3165
1.3095
1.3101
1.3120
1.3171
1.3123
1.3146
1.3108
1.3185
1.3206
1.3193
1.3226
1.3240
1.3314
1.3309
1.3294
1.3281
1.3315
1.3382
1.3364
1.3330
1.3267
1.3332
1.3339
1.3346
1.3312
1.3350
1.3344
1.3353
1.3373
1.3366
1.3330
1.3367
1.3365
1.3423
1.3373
1.3364
1.3416
1.3424
1.3427
1.3445
1.3512
1.3535
1.3541
1.3537
1.3568
1.3578
1.3573
1.3622
1.3602
1.3554
1.3564
1.3639
1.3653
1.3649
1.3591
1.3626
1.3612
1.3650
1.3608
1.3580
1.3601
1.3546
1.3589
1.3605
1.3606
1.3538
1.3533
1.3528
1.3482
1.3504
1.3539
1.3541
1.3595
1.3595
1.3524
1.3491
1.3480
1.3512
1.3464
1.3457
1.3421
1.3451
1.3442
1.3432
1.3453
1.3446
1.3489
1.3433
1.3428
1.3444
1.3435
1.3447
1.3488
1.3530
1.3529
1.3495
1.3458
1.3385
1.3348
1.3355
1.3343
1.3297
1.3310
1.3311
1.3313
1.3386
1.3409
1.3399
1.3434
1.3401
1.3398
1.3394
1.3462
1.3454
1.3446
1.3444
1.3439
1.3461
1.3436
1.3541
1.3620
1.3600
1.3606
1.3610
1.3645
1.3593
1.3619
1.3624
1.3609
1.3753
1.3753
1.3785
1.3781
1.3785
1.3780
1.3781
1.3781
1.3810
1.3803
1.3797
1.3817
1.3809
1.3820
1.3819
1.3738
1.3708
1.3744
1.3653
1.3674
1.3713
1.3683
1.3664
1.3656
1.3698
1.3741
1.3824
1.3803
1.3747
1.3766
1.3801
1.3669
1.3670
1.3659
1.3605
1.3570
1.3493
1.3416
1.3406
1.3467
1.3498
1.3471
1.3481
1.3488
1.3551
1.3559
1.3590
1.3666
1.3639
1.3645
1.3576
1.3672
1.3648
1.3659
1.3632
1.3615
1.3553
1.3577
1.3645
1.3694
1.3664
1.3775
1.3803
1.3817
1.3841
1.3901
1.3872
1.3867
1.3868
1.3861
1.3866
1.3973
1.3960
1.4023
1.4092
1.4085
1.4083
1.4084
1.4141
1.4122
1.4150
1.4164
1.4272
1.4236
1.4187
1.4156
1.4118
1.4124
1.4132
1.4138
1.4088
1.4032
1.4103
1.4148
1.4193
1.4198
1.4178
1.4223
1.4197
1.4166
1.4213
1.4250
1.4291
1.4260
1.4212
1.4196
1.4261
1.4245
1.4262
1.4322
1.4383
1.4411
1.4405
1.4436
1.4438
1.4463
1.4419
1.4485
1.4465
1.4471
1.4551
1.4665
1.4640
1.4669
1.4679
1.4638
1.4538
1.4591
1.4682
1.4664
1.4614
1.4592
1.4671
1.4661
1.4779
1.4798
1.4847
1.4844
1.4797
1.4819
1.4870
1.4868
1.4809
1.4837
1.4767
1.4753
1.4653
1.4667
1.4739
1.4749
1.4608
1.4630
1.4609
1.4644
1.4707
1.4666
1.4651
1.4704
1.4671
1.4641
1.4434
1.4373
1.4381
1.4419
1.4383
1.4310
1.4357
1.4375
1.4405
1.4416
1.4474
1.4621
1.4676
1.4619
1.4724
1.4763
1.4735
1.4743
1.4682
1.4714
1.4710
1.4650
1.4670
1.4808
1.4805
1.4869
1.4854
1.4797
1.4651
1.4609
1.4637
1.4619
1.4490
1.4423
1.4635
1.4577
1.4619
1.4762
1.4665
1.4741
1.4770
1.4769
1.4780
1.4858
1.4860
1.4838
1.4814
1.4811
1.4639
1.4623
1.4622
1.4485
1.4485
1.4546
1.4513
1.4589
1.4581
1.4565
1.4635
1.4684
1.4635
1.4653
1.4732
1.4705
1.4718
1.4813
1.4837
1.4819
1.4833
1.4891
1.5078
1.5095
1.5215
1.5192
1.5218
1.5196
1.5241
1.5156
1.5281
1.5358
1.5397
1.5379
1.5343
1.5319
1.5355
1.5531
1.5581
1.5561
1.5876
1.5731
1.5786
1.5710
1.5634
1.5428
1.5450
1.5359
1.5417
1.5579
1.5627
1.5842
1.5780
1.5784
1.5768
1.5801
1.5679
1.5599
1.5666
1.5538
1.5652
1.5711
1.5716
1.5755
1.5717
1.5851
1.5888
1.5769
1.5821
1.5833
1.5812
1.5782
1.5954
1.5950
1.5887
1.5764
1.5918
1.5907
1.5994
1.5876
1.5844
1.5673
1.5633
1.5658
1.5651
1.5562
1.5554
1.5630
1.5472
1.5420
1.5474
1.5530
1.5524
1.5435
1.5316
1.5401
1.5432
1.5428
1.5512
1.5494
1.5433
1.5456
1.5457
1.5482
1.5568
1.5526
1.5669
1.5710
1.5790
1.5697
1.5735
1.5759
1.5771
1.5726
1.5742
1.5651
1.5495
1.5490
1.5534
1.5536
1.5445
1.5432
1.5437
1.5549
1.5598
1.5781
1.5621
1.5530
1.5455
1.5555
1.5443
1.5412
1.5388
1.5486
1.5495
1.5501
1.5531
1.5507
1.5529
1.5611
1.5515
1.5565
1.5569
1.5665
1.5733
1.5730
1.5791
1.5750
1.5764
1.5804
1.5867
1.5876
1.5714
1.5696
1.5643
1.5680
1.5663
1.5717
1.5702
1.5782
1.5891
1.5872
1.5933
1.5894
1.5823
1.5860
1.5837
1.5843
1.5853
1.5923
1.5779
1.5752
1.5684
1.5686
1.5678
1.5737
1.5745
1.5582
1.5564
1.5575
1.5595
1.5577
1.5581
1.5539
1.5465
1.5465
1.5429
1.5311
1.5071
1.4987
1.4921
1.4888
1.4913
1.4890
1.4811
1.4729
1.4747
1.4685
1.4725
1.4749
1.4773
1.4859
1.4825
1.4715
1.4747
1.4662
1.4681
1.4724
1.4691
1.4737
1.4633
1.4601
1.4478
1.4432
1.4493
1.4386
1.4278
1.4398
1.4101
1.4164
1.4131
1.3997
1.3911
1.4010
1.4308
1.4206
1.4178
1.4173
1.4310
1.4502
1.4181
1.4487
1.4680
1.4707
1.4660
1.4650
1.4660
1.4666
1.4535
1.4434
1.4397
1.4105
1.4047
1.3911
1.3837
1.3841
1.3589
1.3581
1.3578
1.3660
1.3756
1.3554
1.3405
1.3623
1.3664
1.3623
1.3596
1.3397
1.3502
1.3447
1.3426
1.3328
1.3064
1.2862
1.2814
1.2928
1.2742
1.2444
1.2447
1.2713
1.2750
1.3215
1.2855
1.2705
1.2846
1.2620
1.2975
1.2884
1.2865
1.2707
1.2824
1.2808
1.2702
1.2556
1.2529
1.2464
1.2678
1.2675
1.2569
1.2637
1.2641
1.2604
1.2503
1.2534
1.2597
1.2635
1.2951
1.3046
1.2969
1.2904
1.2890
1.2866
1.2666
1.2611
1.2716
1.2722
1.2707
1.2716
1.2761
1.2757
1.2933
1.2859
1.2944
1.3014
1.3259
1.3259
1.3449
1.3669
1.3653
1.4085
1.4369
1.4629
1.4246
1.3996
1.3939
1.3952
1.3966
1.3994
1.4057
1.4283
1.4092
1.4118
1.3994
1.3916
1.3846
1.3581
1.3318
1.3498
1.3647
1.3745
1.3697
1.3419
1.3385
1.3297
1.3257
1.3150
1.3104
1.3229
1.3345
1.3151
1.2953
1.2959
1.2868
1.2993
1.2932
1.2886
1.3131
1.3243
1.3189
1.3261
1.3068
1.2906
1.2800
1.2786
1.2834
1.3009
1.2850
1.2856
1.2792
1.2962
1.3026
1.2869
1.2910
1.2897
1.2934
1.2875
1.2896
1.2756
1.2643
1.2588
1.2593
1.2581
1.2676
1.2612
1.2823
1.2714
1.2855
1.2774
1.2732
1.2738
1.2639
1.2594
1.2580
1.2551
1.2516
1.2611
1.2536
1.2661
1.2655
1.2630
1.2731
1.2673
1.2828
1.2906
1.2880
1.2909
1.2958
1.2953
1.3009
1.3458
1.3661
1.3603
1.3665
1.3618
1.3552
1.3473
1.3580
1.3550
1.3534
1.3267
1.3191
1.3308
1.3202
1.3229
1.3425
1.3420
1.3577
1.3406
1.3254
1.3192
1.3257
1.3273
1.3140
1.3147
1.3364
1.3285
1.3243
1.3191
1.3168
1.3112
1.3036
1.2906
1.2933
1.2921
1.3007
1.3062
1.3149
1.3250
1.3116
1.3005
1.3123
1.3312
1.3342
1.3253
1.3266
1.3234
1.3368
1.3310
1.3283
1.3262
1.3375
1.3542
1.3569
1.3598
1.3642
1.3597
1.3549
1.3626
1.3576
1.3469
1.3553
1.3659
1.3689
1.3766
1.3892
1.3990
1.3982
1.3970
1.3996
1.3951
1.3820
1.3936
1.4105
1.4213
1.4157
1.4291
1.4196
1.4160
1.4181
1.4181
1.3949
1.3908
1.4017
1.4126
1.3999
1.4141
1.4033
1.3955
1.3789
1.3870
1.3905
1.3944
1.3983
1.3884
1.3904
1.3856
1.3989
1.4089
1.3931
1.3905
1.4054
1.4020
1.4078
1.4114
1.4036
1.4145
1.4048
1.4008
1.3973
1.3952
1.3982
1.3896
1.3856
1.3992
1.3980
1.3962
1.3971
1.3996
1.3975
1.4113
1.4116
1.4112
1.4115
1.4199
1.4197
1.4191
1.4231
1.4230
1.4152
1.4211
1.4254
1.4277
1.4166
1.4035
1.4050
1.4083
1.4244
1.4317
1.4381
1.4401
1.4385
1.4410
1.4361
1.4177
1.4200
1.4134
1.4150
1.4147
1.4215
1.4277
1.4234
1.4112
1.4109
1.4135
1.4126
1.4221
1.4257
1.4326
1.4295
1.4285
1.4330
1.4316
1.4247
1.4364
1.4369
1.4258
1.4339
1.4237
1.4215
1.4259
1.4254
1.4264
1.4331
1.4334
1.4510
1.4483
1.4545
1.4565
1.4587
1.4549
1.4622
1.4586
1.4679
1.4710
1.4745
1.4679
1.4687
1.4676
1.4785
1.4811
1.4728
1.4762
1.4701
1.4640
1.4610
1.4563
1.4623
1.4637
1.4543
1.4531
1.4595
1.4636
1.4737
1.4697
1.4667
1.4766
1.4722
1.4727
1.4807
1.4766
1.4840
1.4904
1.4906
1.4954
1.4895
1.4903
1.4972
1.4926
1.5000
1.4957
1.5032
1.5017
1.5013
1.4900
1.4804
1.4775
1.4725
1.4831
1.4741
1.4777
1.4774
1.4717
1.4791
1.4829
1.4868
1.4870
1.4991
1.4977
1.4969
1.5033
1.4991
1.4842
1.4842
1.4974
1.4964
1.4851
1.4965
1.4915
1.4921
1.4837
1.4972
1.4944
1.4952
1.5026
1.5112
1.5003
1.4885
1.5054
1.5037
1.5107
1.5094
1.5080
1.5089
1.5059
1.4887
1.4824
1.4761
1.4713
1.4746
1.4715
1.4762
1.4665
1.4652
1.4535
1.4554
1.4526
1.4362
1.4395
1.4339
1.4287
1.4278
1.4245
1.4334
1.4366
1.4403
1.4365
1.4346
1.4315
1.4435
1.4288
1.4406
1.4428
1.4353
1.4401
1.4316
1.4317
1.4516
1.4524
1.4488
1.4489
1.4510
1.4471
1.4416
1.4337
1.4393
1.4302
1.4211
1.4101
1.4081
1.4121
1.4146
1.4146
1.4092
1.4082
1.4035
1.3996
1.3932
1.3862
1.3909
1.3924
1.3964
1.3910
1.3852
1.3722
1.3624
1.3671
1.3722
1.3785
1.3679
1.3760
1.3665
1.3607
1.3609
1.3645
1.3769
1.3698
1.3554
1.3468
1.3529
1.3606
1.3619
1.3497
1.3547
1.3462
1.3538
1.3634
1.3614
1.3537
1.3596
1.3636
1.3681
1.3580
1.3550
1.3668
1.3615
1.3609
1.3580
1.3635
1.3676
1.3767
1.3755
1.3677
1.3752
1.3770
1.3718
1.3612
1.3557
1.3503
1.3553
1.3529
1.3431
1.3334
1.3326
1.3379
1.3438
1.3476
1.3471
1.3402
1.3504
1.3531
1.3552
1.3525
1.3481
1.3403
1.3379
1.3337
1.3333
1.3375
1.3631
1.3582
1.3574
1.3650
1.3654
1.3538
1.3538
1.3484
1.3450
1.3493
1.3421
1.3391
1.3335
1.3224
1.3361
1.3335
1.3353
1.3177
1.3155
1.3255
1.3234
1.3311
1.3229
1.3183
1.2976
1.2880
1.2803
1.2638
1.2734
1.2930
1.2743
1.2637
1.2691
1.2667
1.2528
1.2388
1.2323
1.2331
1.2209
1.2288
1.2338
1.2484
1.2564
1.2408
1.2310
1.2306
1.2318
1.2251
1.2369
1.2354
1.2303
1.2255
1.2298
1.2233
1.2282
1.2156
1.2035
1.1938
1.1923
1.1963
1.1940
1.1975
1.2106
1.2127
1.2182
1.2224
1.2325
1.2292
1.2285
1.2352
1.2377
1.2426
1.2313
1.2292
1.2272
1.2315
1.2353
1.2311
1.2379
1.2282
1.2198
1.2212
1.2232
1.2433
1.2495
1.2527
1.2541
1.2575
1.2599
1.2647
1.2678
1.2686
1.2631
1.2584
1.2572
1.2713
1.2731
1.2811
1.2921
1.2900
1.2961
1.2984
1.2889
1.2809
1.2833
1.2888
1.2909
1.2941
1.3006
1.2983
1.2992
1.3064
1.3060
1.3060
1.3113
1.3158
1.3221
1.3146
1.3145
1.3184
1.3266
1.3242
1.3140
1.3176
1.2962
1.2900
1.2837
1.2763
1.2820
1.2836
1.2880
1.2893
1.2802
1.2812
1.2685
1.2698
1.2626
1.2671
1.2612
1.2708
1.2714
1.2713
1.2727
1.2640
1.2694
1.2807
1.2788
1.2815
1.2834
1.2906
1.2830
1.2724
1.2679
1.2731
1.2693
1.2728
1.2785
1.2873
1.2993
1.2991
1.2995
1.3072
1.3134
1.3074
1.3063
1.3133
1.3305
1.3390
1.3347
1.3382
1.3462
1.3443
1.3485
1.3577
1.3625
1.3598
1.3682
1.3764
1.3683
1.3787
1.3856
1.3912
1.3911
1.3882
1.3957
1.3878
1.3837
1.3991
1.4036
1.4061
1.4075
1.3887
1.3936
1.3820
1.3781
1.3956
1.3936
1.3910
1.4036
1.3964
1.3870
1.3806
1.3773
1.3934
1.3845
1.3977
1.3889
1.4023
1.4003
1.4122
1.4230
1.4203
1.3937
1.3937
1.3962
1.3760
1.3780
1.3715
1.3607
1.3720
1.3602
1.3590
1.3511
1.3520
1.3645
1.3625
1.3740
1.3613
1.3586
1.3395
1.3350
1.3323
1.3323
1.3261
1.3089
1.3026
1.2983
1.3130
1.3156
1.3202
1.3413
1.3273
1.3346
1.3259
1.3253
1.3209
1.3242
1.3228
1.3340
1.3455
1.3355
1.3284
1.3219
1.3272
1.3166
1.3157
1.3171
1.3083
1.3088
1.3092
1.3118
1.3113
1.3141
1.3224
1.3117
1.3232
1.3292
1.3390
1.3310
1.3355
1.3303
1.3161
1.3134
1.2988
1.2966
1.2905
1.2932
1.2969
1.2971
1.3104
1.3359
1.3343
1.3257
1.3274
1.3371
1.3462
1.3457
1.3473
1.3543
1.3573
1.3662
1.3635
1.3695
1.3699
1.3731
1.3720
1.3620
1.3717
1.3793
1.3814
1.3808
1.3612
1.3630
1.3606
1.3578
1.3644
1.3637
1.3711
1.3620
1.3516
1.3530
1.3488
1.3520
1.3551
1.3564
1.3585
1.3576
1.3673
1.3678
1.3665
1.3690
1.3747
1.3776
1.3823
1.3729
1.3784
1.3822
1.3755
1.3864
1.3938
1.3953
1.3968
1.3972
1.3922
1.3879
1.3905
1.3837
1.3821
1.3938
1.3984
1.3923
1.3976
1.3870
1.4024
1.4078
1.4173
1.4173
1.4233
1.4157
1.4126
1.4113
1.4169
1.4070
1.4033
1.4102
1.4109
1.4057
1.4178
1.4155
1.4198
1.4211
1.4191
1.4224
1.4280
1.4308
1.4299
1.4440
1.4463
1.4406
1.4484
1.4502
1.4463
1.4485
1.4422
1.4326
1.4212
1.4336
1.4521
1.4562
1.4549
1.4549
1.4598
1.4529
1.4629
1.4669
1.4861
1.4821
1.4858
1.4795
1.4785
1.4848
1.4859
1.4841
1.4533
1.4557
1.4435
1.4331
1.4353
1.4391
1.4227
1.4231
1.4288
1.4101
1.4151
1.4139
1.4255
1.4272
1.4312
1.4271
1.4073
1.4045
1.4103
1.4034
1.4071
1.4115
1.4209
1.4286
1.4279
1.4401
1.4439
1.4334
1.4427
1.4477
1.4642
1.4562
1.4660
1.4653
1.4577
1.4496
1.4473
1.4339
1.4375
1.4439
1.4416
1.4173
1.4092
1.4126
1.4276
1.4306
1.4327
1.4352
1.4397
1.4218
1.4254
1.4176
1.4270
1.4310
1.4346
1.4424
1.4467
1.4493
1.4512
1.4528
1.4473
1.4458
1.4313
1.4255
1.4342
1.4216
1.4034
1.3959
1.3994
1.4145
1.4189
1.4170
1.4129
1.4041
1.4143
1.4146
1.4214
1.4164
1.4392
1.4359
1.4342
1.4505
1.4502
1.4347
1.4373
1.4291
1.4382
1.4405
1.4238
1.4189
1.4278
1.4289
1.4081
1.4274
1.4267
1.4210
1.4368
1.4244
1.4225
1.4223
1.4237
1.4279
1.4436
1.4403
1.4494
1.4384
1.4327
1.4425
1.4402
1.4369
1.4411
1.4454
1.4408
1.4377
1.4396
1.4533
1.4515
1.4413
1.4430
1.4368
1.4273
1.4257
1.4147
1.4065
1.3994
1.4089
1.4065
1.3898
1.3811
1.3538
1.3657
1.3673
1.3655
1.3715
1.3887
1.3813
1.3656
1.3614
1.3700
1.3665
1.3559
1.3478
1.3493
1.3407
1.3536
1.3620
1.3608
1.3538
1.3604
1.3519
1.3322
1.3163
1.3197
1.3301
1.3343
1.3411
1.3443
1.3447
1.3643
1.3579
1.3634
1.3782
1.3736
1.3781
1.3852
1.3742
1.3705
1.3809
1.3759
1.3707
1.3740
1.3857
1.3938
1.3950
1.3918
1.3906
1.4127
1.4174
1.4077
1.3921
1.3702
1.3713
1.3744
1.3736
1.3817
1.3784
1.3729
1.3780
1.3834
1.3529
1.3621
1.3622
1.3782
1.3622
1.3555
1.3499
1.3535
1.3486
1.3490
1.3514
1.3473
1.3523
1.3515
1.3348
1.3395
1.3327
1.3223
1.3378
1.3364
1.3323
1.3465
1.3442
1.3471
1.3394
1.3438
1.3370
1.3404
1.3369
1.3416
1.3343
1.3362
1.3262
1.3196
1.3032
1.2978
1.2993
1.3021
1.3036
1.3022
1.3001
1.3075
1.3067
1.3044
1.3049
1.3039
1.3059
1.3066
1.3061
1.2937
1.2920
1.2938
1.2954
1.2976
1.3054
1.2980
1.2927
1.2777
1.2734
1.2769
1.2766
1.2772
1.2756
1.2720
1.2826
1.2785
1.2654
1.2662
1.2741
1.2776
1.2851
1.2936
1.2903
1.2893
1.3009
1.2981
1.3025
1.3100
1.3145
1.3125
1.3172
1.3127
1.3172
1.3049
1.3166
1.3175
1.3141
1.3083
1.3117
1.3100
1.3245
1.3259
1.3293
1.3260
1.3226
1.3208
1.3197
1.3165
1.3064
1.2982
1.3125
1.3210
1.3247
1.3261
1.3227
1.3249
1.3295
1.3368
1.3459
1.3409
1.3452
1.3466
1.3350
1.3339
1.3305
1.3194
1.3223
1.3199
1.3117
1.3145
1.3171
1.3258
1.3110
1.3120
1.3161
1.3081
1.3028
1.3049
1.3080
1.3174
1.3156
1.3232
1.3223
1.3225
1.3235
1.3194
1.3267
1.3209
1.3350
1.3334
1.3355
1.3320
1.3299
1.3351
1.3371
1.3353
1.3334
1.3164
1.3155
1.3059
1.3091
1.3066
1.3102
1.3075
1.3111
1.3112
1.3188
1.3163
1.3022
1.3132
1.3141
1.3108
1.3113
1.3125
1.3171
1.3194
1.3151
1.3211
1.3192
1.3222
1.3222
1.3208
1.3240
1.3236
1.3271
1.3220
1.3153
1.3155
1.3138
1.2975
1.3050
1.3030
1.2966
1.2936
1.2964
1.2912
1.2899
1.2835
1.2851
1.2728
1.2723
1.2676
1.2672
1.2764
1.2777
1.2782
1.2651
1.2564
1.2572
1.2525
1.2568
1.2531
1.2553
1.2476
1.2404
1.2418
1.2337
1.2437
1.2473
1.2520
1.2439
1.2513
1.2547
1.2529
1.2491
1.2542
1.2493
1.2510
1.2526
1.2561
1.2625
1.2630
1.2628
1.2610
1.2684
1.2706
1.2671
1.2546
1.2536
1.2488
1.2517
1.2500
1.2490
1.2514
1.2440
1.2676
1.2630
1.2583
1.2605
1.2570
1.2524
1.2383
1.2382
1.2289
1.2316
1.2252
1.2286
1.2235
1.2188
1.2205
1.2236
1.2269
1.2194
1.2287
1.2278
1.2282
1.2252
1.2113
1.2135
1.2101
1.2067
1.2146
1.2289
1.2273
1.2290
1.2257
1.2275
1.2288
1.2224
1.2204
1.2186
1.2389
1.2397
1.2412
1.2393
1.2357
1.2305
1.2288
1.2274
1.2341
1.2369
1.2324
1.2283
1.2280
1.2344
1.2338
1.2342
1.2405
1.2464
1.2467
1.2558
1.2559
1.2512
1.2511
1.2483
1.2563
1.2535
1.2548
1.2511
1.2565
1.2570
1.2608
1.2565
1.2602
1.2608
1.2628
1.2784
1.2779
1.2771
1.2850
1.2893
1.2920
1.2991
1.3141
1.3108
1.3097
1.3034
1.3000
1.3003
1.2963
1.2994
1.2906
1.2937
1.2923
1.2853
1.2874
1.2909
1.2930
1.2870
1.2893
1.2942
1.2928
1.2917
1.3015
1.3008
1.2975
1.2964
1.2868
1.2872
1.2837
1.2932
1.2967
1.2907
1.2945
1.3024
1.3097
1.3112
1.3100
1.3052
1.3041
1.3057
1.2964
1.2982
1.2962
1.2946
1.2927
1.2930
1.2901
1.2969
1.2958
1.2955
1.2943
1.2902
1.2823
1.2785
1.2803
1.2861
1.2767
1.2748
1.2770
1.2722
1.2711
1.2684
1.2718
1.2744
1.2759
1.2773
1.2757
1.2808
1.2794
1.2807
1.2824
1.2871
1.2884
1.2972
1.2963
1.2988
1.2935
1.2936
1.2981
1.2998
1.2997
1.3041
1.3055
1.3090
1.3065
1.3067
1.2963
1.2932
1.2909
1.2950
1.3000
1.3034
1.3088
1.3072
1.3131
1.3155
1.3167
1.3222
1.3296
1.3214
1.3240
1.3179
1.3210
1.3204
1.3227
1.3220
1.3172
1.3196
1.3184
1.3184
1.3281
1.3183
1.3109
1.3007
1.3041
1.3112
1.3075
1.3084
1.3050
1.3205
1.3262
1.3390
1.3375
1.3313
1.3288
1.3285
1.3343
1.3381
1.3325
1.3314
1.3357
1.3312
1.3314
1.3340
1.3367
1.3458
1.3446
1.3438
1.3489
1.3567
1.3549
1.3618
1.3646
1.3552
1.3510
1.3579
1.3526
1.3557
1.3410
1.3359
1.3374
1.3390
1.3451
1.3435
1.3391
1.3349
1.3355
1.3352
1.3351
1.3385
1.3374
1.3269
1.3190
1.3169
1.3265
1.3045
1.3058
1.3085
1.3143
1.3062
1.2975
1.2996
1.3025
1.3040
1.3035
1.2988
1.3103
1.2983
1.2997
1.3034
1.3018
1.3000
1.2953
1.2999
1.3091
1.2911
1.2946
1.2860
1.2911
1.2946
1.2909
1.2954
1.3029
1.2857
1.2867
1.2826
1.2782
1.2813
1.2815
1.2782
1.2846
1.2817
1.2796
1.2840
1.2861
1.2900
1.2988
1.2998
1.3036
1.3086
1.3067
1.3104
1.3092
1.3102
1.3065
1.3106
1.3172
1.3031
1.3069
1.3063
1.3057
1.3051
1.2977
1.2991
1.3018
1.3069
1.3035
1.3043
1.3102
1.3080
1.3173
1.3192
1.3161
1.3074
1.3111
1.3100
1.3081
1.3073
1.3176
1.3172
1.3033
1.2976
1.2970
1.3007
1.2932
1.2854
1.2861
1.2877
1.2827
1.2863
1.2879
1.2906
1.2937
1.2830
1.2929
1.2922
1.2942
1.2897
1.2875
1.2947
1.2957
1.3046
1.2962
1.3021
1.3065
1.3067
1.3064
1.3090
1.3243
1.3218
1.3183
1.3253
1.3280
1.3285
1.3360
1.3342
1.3322
1.3327
1.3361
1.3395
1.3390
1.3295
1.3226
1.3225
1.3101
1.3120
1.3084
1.3063
1.3008
1.3015
1.3052
1.3026
1.3060
1.3024
1.2955
1.3020
1.2929
1.2872
1.2819
1.2867
1.2853
1.2793
1.3054
1.3087
1.3060
1.3037
1.3087
1.3147
1.3123
1.3111
1.3110
1.3132
1.3179
1.3184
1.3219
1.3226
1.3208
1.3269
1.3279
1.3267
1.3252
1.3259
1.3251
1.3254
1.3208
1.3272
1.3267
1.3264
1.3306
1.3299
1.3338
1.3379
1.3350
1.3290
1.3294
1.3261
1.3245
1.3288
1.3344
1.3370
1.3328
1.3338
1.3415
1.3399
1.3334
1.3353
1.3354
1.3375
1.3377
1.3384
1.3369
1.3322
1.3237
1.3236
1.3210
1.3189
1.3156
1.3172
1.3197
1.3124
1.3124
1.3168
1.3252
1.3264
1.3250
1.3310
1.3312
1.3285
1.3365
1.3332
1.3359
1.3360
1.3502
1.3547
1.3533
1.3523
1.3496
1.3483
1.3463
1.3522
1.3491
1.3498
1.3496
1.3524
1.3541
1.3514
1.3582
1.3596
1.3622
1.3565
1.3569
1.3566
1.3575
1.3503
1.3528
1.3536
1.3551
1.3588
1.3563
1.3520
1.3512
1.3627
1.3660
1.3679
1.3655
1.3666
1.3777
1.3775
1.3773
1.3787
1.3800
1.3790
1.3773
1.3744
1.3766
1.3703
1.3563
1.3481
1.3505
1.3497
1.3470
1.3517
1.3522
1.3415
1.3343
1.3383
1.3389
1.3424
1.3418
1.3465
1.3458
1.3489
1.3495
1.3515
1.3532
1.3528
1.3424
1.3467
1.3516
1.3540
1.3527
1.3555
1.3594
1.3569
1.3600
1.3612
1.3601
1.3536
1.3582
1.3574
1.3580
1.3663
1.3666
1.3703
1.3736
1.3762
1.3761
1.3785
1.3746
1.3752
1.3757
1.3761
1.3750
1.3771
1.3680
1.3659
1.3627
1.3673
1.3690
1.3693
1.3735
1.3752
1.3804
1.3771
1.3751
1.3664
1.3610
1.3616
1.3622
1.3612
1.3589
1.3582
1.3604
1.3679
1.3660
1.3658
1.3674
1.3623
1.3619
1.3615
1.3574
1.3546
1.3543
1.3549
1.3538
1.3545
1.3690
1.3715
1.3681
1.3671
1.3665
1.3671
1.3651
1.3550
1.3533
1.3484
1.3526
1.3502
1.3511
1.3535
1.3600
1.3563
1.3623
1.3644
1.3653
1.3637
1.3592
1.3669
1.3701
1.3709
1.3702
1.3724
1.3765
1.3731
1.3715
1.3713
1.3730
1.3734
1.3747
1.3738
1.3684
1.3656
1.3699
1.3777
1.3758
1.3750
1.3731
1.3736
1.3754
1.3856
1.3877
1.3876
1.3858
1.3853
1.3899
1.3952
1.3856
1.3905
1.3937
1.3918
1.3928
1.3913
1.3805
1.3780
1.3796
1.3772
1.3825
1.3824
1.3787
1.3769
1.3741
1.3752
1.3794
1.3774
1.3792
1.3785
1.3760
1.3715
1.3692
1.3715
1.3742
1.3794
1.3793
1.3846
1.3885
1.3879
1.3841
1.3814
1.3808
1.3834
1.3838
1.3813
1.3815
1.3822
1.3791
1.3804
1.3842
1.3819
1.3825
1.3834
1.3821
1.3849
1.3817
1.3806
1.3865
1.3866
1.3857
1.3874
1.3874
1.3932
1.3916
1.3910
1.3862
1.3822
1.3755
1.3755
1.3702
1.3718
1.3713
1.3696
1.3713
1.3700
1.3714
1.3696
1.3701
1.3683
1.3654
1.3644
1.3623
1.3642
1.3642
1.3631
1.3591
1.3617
1.3600
1.3624
1.3602
1.3604
1.3613
1.3602
1.3608
1.3658
1.3638
1.3585
1.3594
1.3538
1.3533
1.3524
1.3559
1.3532
1.3556
1.3559
1.3545
1.3568
1.3613
1.3609
1.3582
1.3589
1.3593
1.3606
1.3633
1.3637
1.3611
1.3629
1.3652
1.3684
1.3675
1.3646
1.3650
1.3608
1.3587
1.3595
1.3603
1.3610
1.3604
1.3643
1.3608
1.3595
1.3630
1.3619
1.3567
1.3534
1.3529
1.3526
1.3525
1.3538
1.3523
1.3467
1.3464
1.3455
1.3465
1.3448
1.3427
1.3438
1.3413
1.3402
1.3393
1.3384
1.3389
1.3424
1.3419
1.3382
1.3363
1.3379
1.3352
1.3378
1.3399
1.3382
1.3341
1.3364
1.3362
1.3395
1.3364
1.3390
1.3362
1.3344
1.3306
1.3260
1.3265
1.3286
1.3202
1.3197
1.3197
1.3161
1.3193
1.3185
1.3178
1.3124
1.3128
1.3112
1.3131
1.3141
1.3021
1.2932
1.2951
1.2909
1.2886
1.2926
1.2905
1.2922
1.2917
1.2958
1.2948
1.2944
1.2951
1.2963
1.2878
1.2918
1.2627
1.2606
1.2635
1.2656
1.2509
1.2545
1.2623
1.2665
1.2679
1.2776
1.2697
1.2622
1.2677
1.2722
1.2654
1.2765
1.2788
1.2806
1.2764
1.2785
1.2806
1.2714
1.2673
1.2644
1.2652
1.2671
1.2668
1.2705
1.2731
1.2739
1.2598
1.2606
1.2524
1.2491
1.2506
1.2555
1.2474
1.2506
1.2371
1.2403
1.2475
1.2432
1.2485
1.2456
1.2438
1.2477
1.2435
1.2528
1.2463
1.2535
1.2525
1.2541
1.2545
1.2430
1.2394
1.2435
1.2472
1.2462
1.2499
1.2469
1.2464
1.2448
1.2470
1.2409
1.2343
1.2312
1.2376
1.2357
1.2289
1.2313
1.2415
1.2387
1.2479
1.2388
1.2427
1.2440
1.2433
1.2526
1.2488
1.2335
1.2292
1.2274
1.2240
1.2225
1.2189
1.2172
1.2217
1.2175
1.2187
1.2180
1.2083
1.2009
1.1904
1.1944
1.1891
1.1832
1.1819
1.1790
1.1834
1.1794
1.1856
1.1770
1.1773
1.1762
1.1625
1.1510
1.1599
1.1579
1.1551
1.1578
1.1590
1.1359
1.1242
1.1253
1.1249
1.1360
1.1356
1.1269
1.1319
1.1313
1.1327
1.1456
1.1400
1.1388
1.1464
1.1317
1.1310
1.1331
1.1317
1.1301
1.1337
1.1397
1.1393
1.1404
1.1355
1.1403
1.1357
1.1433
1.1361
1.1414
1.1302
1.1333
1.1339
1.1347
1.1357
1.1208
1.1192
1.1231
1.1194
1.1175
1.1118
1.1045
1.1025
1.0857
1.0875
1.0794
1.0677
1.0598
1.0570
1.0625
1.0521
1.0532
1.0565
1.0587
1.0592
1.0767
1.0663
1.0773
1.0826
1.0917
1.0921
1.0980
1.0975
1.0872
1.0878
1.0824
1.0829
1.0725
1.0738
1.0760
1.0893
1.0887
1.0978
1.0929
1.0841
1.0858
1.0764
1.0660
1.0608
1.0588
1.0566
1.0672
1.0641
1.0675
1.0727
1.0818
1.0792
1.0735
1.0704
1.0739
1.0719
1.0800
1.0876
1.0861
1.0885
1.0941
1.0962
1.1125
1.1129
1.1216
1.1192
1.1149
1.1106
1.1210
1.1345
1.1268
1.1217
1.1193
1.1147
1.1255
1.1220
1.1352
1.1421
1.1406
1.1438
1.1359
1.1167
1.1128
1.1092
1.1148
1.1130
1.1010
1.0970
1.0909
1.0882
1.0889
1.0926
1.0960
1.0986
1.0952
1.0932
1.1149
1.1248
1.1237
1.1206
1.1105
1.1141
1.1294
1.1285
1.1290
1.1262
1.1246
1.1280
1.1219
1.1273
1.1243
1.1233
1.1360
1.1374
1.1340
1.1339
1.1264
1.1161
1.1184
1.1212
1.1200
1.1147
1.1094
1.1184
1.1146
1.1083
1.1071
1.1083
1.1098
1.1060
1.1035
1.0963
1.1008
1.1076
1.1030
1.1205
1.1107
1.0983
1.1006
1.1021
1.0926
1.0875
1.0886
1.0834
1.0830
1.0920
1.0940
1.0931
1.1011
1.0944
1.1007
1.1090
1.1051
1.1040
1.0987
1.0896
1.0957
1.0981
1.0950
1.0962
1.0868
1.0899
1.0919
1.0938
1.0963
1.1017
1.1042
1.1060
1.1158
1.1114
1.1149
1.1096
1.1075
1.1061
1.1044
1.1121
1.1170
1.1290
1.1372
1.1560
1.1552
1.1523
1.1363
1.1287
1.1261
1.1187
1.1205
1.1330
1.1269
1.1238
1.1230
1.1127
1.1145
1.1156
1.1208
1.1208
1.1161
1.1193
1.1276
1.1342
1.1304
1.1311
1.1264
1.1298
1.1299
1.1395
1.1366
1.1269
1.1199
1.1126
1.1142
1.1187
1.1173
1.1177
1.1184
1.1252
1.1258
1.1211
1.1148
1.1189
1.1286
1.1248
1.1177
1.1260
1.1241
1.1251
1.1272
1.1360
1.1365
1.1353
1.1380
1.1406
1.1469
1.1379
1.1355
1.1372
1.1327
1.1346
1.1370
1.1338
1.1133
1.1106
1.1036
1.1054
1.1037
1.1037
1.0922
1.0964
1.1000
1.1027
1.1012
1.0975
1.0951
1.0864
1.0877
1.0879
1.0745
1.0755
1.0728
1.0762
1.0736
1.0728
1.0780
1.0720
1.0686
1.0663
1.0633
1.0655
1.0707
1.0720
1.0637
1.0612
1.0655
1.0656
1.0612
1.0610
1.0608
1.0588
1.0576
1.0591
1.0625
1.0572
1.0554
1.0921
1.0875
1.0817
1.0854
1.0892
1.0960
1.0980
1.0931
1.0993
1.0983
1.1019
1.0927
1.0927
1.0865
1.0839
1.0839
1.0863
1.0916
1.0953
1.0914
1.0932
1.0972
1.0970
1.0967
1.0931
1.0930
1.0891
1.0919
1.0817
1.0740
1.0756
1.0821
1.0930
1.0874
1.0891
1.0856
1.0832
1.0816
1.0879
1.0855
1.0911
1.0880
1.0885
1.0902
1.0930
1.0871
1.0882
1.0828
1.0811
1.0849
1.0845
1.0857
1.0892
1.0945
1.0911
1.0846
1.0891
1.0922
1.0915
1.1084
1.1180
1.1189
1.1135
1.1198
1.1241
1.1293
1.1278
1.1327
1.1302
1.1219
1.1151
1.1160
1.1158
1.1130
1.1084
1.1115
1.1104
1.1030
1.1014
1.1016
1.1009
1.1036
1.1062
1.0921
1.0862
1.0877
1.0867
1.0859
1.0873
1.0943
1.0990
1.0965
1.1036
1.0998
1.1023
1.0965
1.1179
1.1156
1.1108
1.1102
1.1105
1.1072
1.1294
1.1327
1.1276
1.1268
1.1248
1.1214
1.1177
1.1166
1.1164
1.1163
1.1167
1.1191
1.1301
1.1317
1.1317
1.1379
1.1350
1.1372
1.1397
1.1382
1.1350
1.1396
1.1368
1.1373
1.1399
1.1404
1.1376
1.1316
1.1260
1.1266
1.1280
1.1283
1.1305
1.1371
1.1356
1.1298
1.1292
1.1276
1.1239
1.1265
1.1329
1.1323
1.1318
1.1332
1.1377
1.1465
1.1525
1.1548
1.1490
1.1491
1.1397
1.1418
1.1395
1.1386
1.1368
1.1379
1.1425
1.1407
1.1349
1.1303
1.1320
1.1321
1.1285
1.1222
1.1195
1.1199
1.1226
1.1203
1.1182
1.1142
1.1161
1.1177
1.1185
1.1108
1.1134
1.1125
1.1124
1.1176
1.1198
1.1148
1.1352
1.1356
1.1366
1.1359
1.1403
1.1357
1.1296
1.1256
1.1249
1.1287
1.1208
1.1239
1.1264
1.1254
1.1281
1.1325
1.1329
1.1249
1.1332
1.1342
1.1313
1.1130
1.1016
1.1046
1.1084
1.1098
1.1092
1.1103
